60.107730,19.922641,15
60.107730,19.921558,15
60.107188,19.921558,15
60.107188,19.922641,15

60.107188,19.922641,15,3,1
60.107188,19.922100,15,2,1
60.107188,19.921558,15,1,1

60.107459,19.921558,15,1,2
60.107459,19.922100,15,2,2
60.107459,19.922641,15,3,2

60.107730,19.922641,15,3,3
60.107730,19.922100,15,2,3
60.107730,19.921558,15,1,3

60.107188, 19.922641,20
60.107730, 19.922641,20

60.108825, 19.924787,20
60.107730, 19.921558,20
60.107730, 19.922641,20
60.104890, 19.921064,20
60.107730, 19.922641,20